4294967278,280
4294967279,432
4294967278,518
4294967279,322
190,4
4294967279,320
1038,4
1038,3
1038,2
1038,1
4294967294,1428
4294967279,161
1037,4
1037,3
1037,2
1037,1
4294967278,517
4294967278,395
4294967279,380
4294967279,150
1036,5
1036,4
1036,3
1036,2
1036,1
4294967278,389
4294967279,379
4294967278,270
4294967278,260
4294967278,141
4294967278,140
1035,5
1035,4
1035,3
1035,2
1035,1
4294967279,399
4294967278,375
4294967279,336
4294967278,393
1034,5
1034,4
1034,3
1034,2
1034,1
4294967278,402
4294967279,64
4294967279,62
4294967279,61
4294967279,59
4294967279,58
4294967279,57
4294967279,56
4294967279,55
4294967279,54
4294967279,53
4294967279,52
4294967279,51
4294967279,49
4294967279,47
4294967279,46
4294967279,45
4294967279,44
4294967279,43
4294967278,309
1033,7
1033,6
1033,5
1033,4
1033,3
1033,2
1033,1
4294967279,324
4294967279,422
4294967278,550
4294967279,357
4294967279,395
4294967279,394
4294967279,419
4294967278,308
4294967279,334
4294967278,406
4294967279,391
4294967278,307
4294967294,389
4294967294,946
4294967294,915
4294967294,1575
4294967294,189
4294967294,110
4294967294,485
1031,6
1031,5
1031,4
1031,3
1031,2
1031,1
4294967279,289
4294967294,907
4294967294,162
4294967278,428
4294967278,435
4294967279,330
1029,6
1029,5
1029,4
1029,3
1029,2
1029,1
4294967278,192
4294967279,191
4294967279,407
4294967278,187
4294967278,186
4294967278,185
4294967278,306
4294967279,423
4294967278,413
4294967279,302
4294967278,444
4294967279,337
4294967278,176
4294967278,369
193,5
4294967279,347
4294967279,42
4294967279,39
4294967279,38
4294967279,37
4294967279,36
4294967279,33
4294967279,32
4294967279,31
4294967279,29
4294967279,28
4294967279,27
4294967279,26
4294967279,24
4294967279,22
4294967279,21
4294967279,19
4294967279,18
4294967279,17
4294967279,16
4294967279,15
4294967279,14
4294967279,13
4294967279,11
4294967278,535
4294967279,386
4294967278,304
4294967279,170
1023,4
1023,3
1023,2
1023,1
4294967279,165
1022,4
4294967279,164
1022,3
1022,2
1022,1
4294967278,163
4294967279,163
4294967279,307
4294967278,303
4294967279,159
1021,5
1021,4
4294967279,153
1021,3
1021,2
1021,1
4294967279,441
4294967278,153
4294967278,302
4294967294,417
4294967279,332
4294967278,320
4294967279,148
4294967278,147
4294967278,146
4294967278,142
1020,5
1020,4
1020,3
1020,2
1020,1
4294967278,319
4294967279,338
4294967294,898
4294967294,170
4294967294,903
4294967294,436
4294967278,265
4294967279,372
4294967279,333
4294967279,275
1019,5
1019,4
1019,3
1019,2
1019,1
4294967279,378
4294967278,271
4294967279,288
4294967279,267
1018,7
1018,6
1018,5
1018,4
4294967278,258
1018,3
1018,2
1018,1
4294967278,538
4294967278,301
4294967294,89
4294967278,515
4294967279,381
4294967294,494
4294967294,491
4294967294,180
4294967294,1578
4294967278,300
4294967278,539
4294967278,566
4294967279,375
4294967279,374
4294967279,0
4294967278,248
4294967279,252
4294967294,427
4294967294,1412
4294967278,247
4294967279,249
4294967278,246
4294967279,247
4294967279,245
1016,6
1016,5
1016,4
1016,3
1016,2
1016,1
4294967278,269
4294967278,537
4294967279,331
4294967278,531
4294967279,239
4294967294,37
4294967294,39
4294967279,221
4294967278,228
4294967279,220
4294967279,224
4294967279,222
4294967294,40
4294967294,76
4294967279,218
4294967279,216
1014,6
1014,5
1014,4
1014,3
1014,2
1014,1
4294967279,213
4294967279,211
4294967279,210
4294967279,279
4294967294,1421
4294967279,209
4294967279,205
4294967279,204
4294967279,203
4294967279,202
4294967279,201
4294967294,42
4294967279,200
4294967279,199
4294967278,198
4294967278,519
4294967294,514
4294967294,1106
4294967294,44
4294967294,52
4294967294,787
4294967294,43
4294967294,51
4294967279,197
4294967279,196
4294967279,195
4294967279,194
0,7
4294967294,513
4294967294,115
4294967294,2
4294967279,193
4294967294,84
4294967294,82
4294967294,83
4294967294,91
4294967294,90
4294967294,87
4294967294,85
4294967294,1589
4294967294,1
4294967294,0
4294967294,1422
4294967294,69
4294967278,0
4294967294,190
4294967294,46
4294967279,373
4294967279,260
4294967278,445
4294967279,402
4294967278,411
4294967294,38
4294967279,387
4294967278,575
4294967294,107
4294967294,50
4294967294,92
4294967294,88
4294967294,86
4294967294,1410
4294967294,1095
4294967294,1643
4294967294,29
4294967294,1642
4294967294,28
4294967294,1128
4294967294,27
4294967294,53
4294967294,45
4294967294,96
4294967294,94
4294967294,9
4294967294,8
4294967294,7
4294967294,22
4294967294,61
4294967294,31
4294967294,17
4294967294,99
4294967294,36
4294967294,41
4294967294,1423
4294967294,1590
4294967294,25
4294967294,93
4294967294,95
191,4
4294967294,12
4294967294,1986
4294967294,26
4294967294,81
4294967294,981
4294967294,67
4294967294,68
4294967294,11
196,4
195,4
195,5
195,7
196,5
194,4
194,5
198,4
198,5
193,4
192,4
4294967278,132
4294967278,131
4294967278,130
4294967278,129
4294967278,128
4294967278,127
4294967278,126
4294967278,125
4294967278,124
4294967278,123
4294967278,122
4294967278,121
4294967278,120
4294967278,119
4294967278,118
4294967278,117
4294967278,116
4294967278,115
4294967278,114
4294967278,113
4294967278,112
4294967278,111
4294967278,110
4294967278,109
4294967278,108
4294967278,107
4294967278,106
4294967278,105
4294967278,104
4294967278,103
4294967278,102
4294967278,101
4294967278,100
4294967278,99
4294967278,98
4294967278,97
4294967278,96
4294967278,95
4294967278,94
4294967278,93
4294967278,92
4294967278,91
4294967278,90
4294967278,89
4294967278,87
4294967278,86
4294967278,85
4294967278,84
4294967278,83
4294967278,82
4294967278,81
4294967278,80
4294967278,79
4294967278,78
4294967278,77
4294967278,76
4294967278,75
4294967278,74
4294967278,73
4294967278,72
4294967278,71
4294967278,70
4294967278,69
4294967278,68
4294967278,67
4294967278,66
4294967278,65
4294967278,64
4294967278,63
4294967278,62
4294967279,79
4294967279,76
4294967279,73
4294967279,72
4294967279,371
4294967279,66
4294967279,65
4294967279,60
4294967279,50
4294967279,48
4294967279,369
4294967279,41
4294967279,40
4294967279,35
4294967279,34
4294967279,30
4294967279,25
4294967279,23
4294967279,20
4294967279,12
4294967279,10
4294967279,9
4294967279,8
4294967279,7
4294967279,6
4294967279,5
4294967279,4
4294967279,400
192,5
4294967278,178
1008,4
1008,3
1008,2
1008,1
4294967279,63
1007,4
4294967278,171
1007,3
1007,2
1007,1
4294967278,528
4294967279,370
4294967278,166
1006,5
1006,4
1006,3
1006,2
1006,1
4294967278,382
4294967279,408
4294967278,156
4294967278,155
4294967279,154
